Kerbal    1.7565e+28    261600000   0
Moho      2.5263e+21    250000      6817
Eve       1.2244e+23    700000      90000
Gilly     1.2420e+17    13000       0
Kerbin    5.2915e+22    600000      70000
Mun       9.7599e+20    200000      7061
Minmus    2.6458e+19    60000       5000
Duna      4.5154e+21    320000      50000
Ike       2.7822e+20    130000      12750
Dres      3.2191e+20    138000      5700
Jool      4.2332e+24    6000000     200000
Laythe    2.9397e+22    500000      50000
Vall      3.1088e+21    300000      7976
Tylo      4.2332e+22    600000      11290
Bop       3.7261e+19    65000       21,758
Pol       1.0814e+19    44000       4000
Eeloo     1.1149e+21    210000      3900
