Sun         1.989e30      695510196       0
Mercury     3.301e23      2439765.5       0
Venus       4.867e24      6051777.178     0
Earth       5.972e24      6371071.027     0
Moon        7.346e22      1737125.914     0
Mars        6.417e23      3389439.398     0
Phobos      10.6e15       11266.696       0
Deimos      1.476e15      6199.998        0
Jupiter     1.899e27      69911512.7      0
Io          8.93e22       1821616.474     0
Europa      4.80e22       1560806.18      0
Ganymede    1.48e23       2634174.259     0
Callisto    1.08e23       2410314.509     0
Saturn      5.685e26      58232503.3      0
Titan       1.35e23       2574789.466     0
Dione       1.095e21      561403.561      0
Enceladus   1.08e20       252103.738      0
Uranus      8.682e25      25361652.1      0
Neptune     1.024e26      24621353.9      0
Triton      2.14e22       1353393.93      0
Pluto       1.309e22      1188307.423     0
Charon      2.7e18        605998.483      0
